4
1394
178;115
177;115
177;116
178;116
179;116
178;116
178;117
177;117
176;117
177;117
178;117
179;117
180;117
179;117
179;118
178;118
177;118
176;118
177;118
178;118
179;118
180;118
179;118
179;119
178;119
177;119
176;119
177;119
178;119
179;119
180;119
179;119
179;120
178;120
177;120
176;120
177;120
178;120
179;120
180;120
179;120
179;121
178;121
177;121
176;121
177;121
178;121
179;121
180;121
179;121
179;122
178;122
177;122
176;122
177;122
178;122
179;122
180;122
179;122
179;123
178;123
177;123
176;123
177;123
178;123
179;123
180;123
179;123
179;124
178;124
177;124
176;124
177;124
178;124
179;124
180;124
179;124
179;125
178;125
177;125
176;125
177;125
178;125
179;125
180;125
179;125
179;126
178;126
177;126
176;126
175;126
176;126
177;126
178;126
179;126
178;126
178;127
177;127
176;127
175;127
176;127
177;127
178;127
179;127
178;127
178;128
177;128
176;128
175;128
176;128
177;128
178;128
179;128
178;128
178;129
177;129
176;129
175;129
176;129
177;129
178;129
179;129
178;129
178;130
177;130
176;130
175;130
176;130
177;130
178;130
179;130
178;130
178;131
177;131
176;131
175;131
176;131
177;131
178;131
179;131
178;131
178;132
177;132
176;132
175;132
176;132
177;132
178;132
179;132
178;132
178;133
177;133
176;133
175;133
174;133
175;133
176;133
177;133
178;133
177;133
177;134
176;134
175;134
174;134
175;134
176;134
177;134
178;134
177;134
177;135
176;135
175;135
174;135
175;135
176;135
177;135
178;135
177;135
177;136
176;136
175;136
174;136
175;136
176;136
177;136
178;136
177;136
177;137
176;137
175;137
174;137
175;137
176;137
177;137
178;137
177;137
177;138
176;138
175;138
174;138
175;138
176;138
177;138
178;138
177;138
177;139
176;139
175;139
174;139
175;139
176;139
177;139
178;139
177;139
177;140
176;140
175;140
174;140
173;140
174;140
175;140
176;140
177;140
176;140
176;141
175;141
174;141
173;141
174;141
175;141
176;141
177;141
176;141
176;142
175;142
174;142
173;142
174;142
175;142
176;142
177;142
176;142
176;143
175;143
174;143
173;143
174;143
175;143
176;143
177;143
176;143
176;144
175;144
174;144
173;144
174;144
175;144
176;144
177;144
176;144
176;145
175;145
174;145
173;145
174;145
175;145
176;145
177;145
176;145
176;146
175;146
174;146
173;146
172;146
173;146
174;146
175;146
176;146
175;146
175;147
174;147
173;147
172;147
173;147
174;147
175;147
176;147
175;147
175;148
174;148
173;148
172;148
173;148
174;148
175;148
176;148
175;148
175;149
174;149
173;149
172;149
173;149
174;149
175;149
176;149
175;149
175;150
174;150
173;150
172;150
173;150
174;150
175;150
176;150
175;150
175;151
174;151
173;151
172;151
173;151
174;151
175;151
176;151
175;151
175;152
174;152
173;152
172;152
173;152
174;152
175;152
176;152
175;152
175;153
174;153
173;153
172;153
171;153
172;153
173;153
174;153
175;153
174;153
174;154
173;154
172;154
171;154
172;154
173;154
174;154
175;154
174;154
174;155
173;155
172;155
171;155
172;155
173;155
174;155
175;155
174;155
174;156
173;156
172;156
171;156
172;156
173;156
174;156
175;156
174;156
174;157
173;157
172;157
171;157
172;157
173;157
174;157
175;157
174;157
174;158
173;158
172;158
171;158
170;158
171;158
172;158
173;158
174;158
173;158
173;159
172;159
171;159
170;159
171;159
172;159
173;159
174;159
173;159
173;160
172;160
171;160
170;160
171;160
172;160
173;160
174;160
173;160
173;161
172;161
171;161
170;161
171;161
172;161
173;161
174;161
173;161
173;162
172;162
171;162
170;162
171;162
172;162
173;162
174;162
173;162
173;163
172;163
171;163
170;163
171;163
172;163
173;163
174;163
173;163
173;164
172;164
171;164
170;164
171;164
172;164
173;164
174;164
173;164
173;165
172;165
171;165
170;165
169;165
170;165
171;165
172;165
173;165
172;165
172;166
171;166
170;166
169;166
170;166
171;166
172;166
173;166
172;166
172;167
171;167
170;167
169;167
170;167
171;167
172;167
173;167
172;167
172;168
171;168
170;168
169;168
170;168
171;168
172;168
173;168
172;168
172;169
171;169
170;169
169;169
170;169
171;169
172;169
173;169
172;169
172;170
171;170
170;170
169;170
170;170
171;170
172;170
173;170
172;170
172;171
171;171
170;171
169;171
170;171
171;171
172;171
173;171
172;171
172;172
171;172
170;172
169;172
168;172
169;172
170;172
171;172
172;172
171;172
171;173
170;173
169;173
168;173
169;173
170;173
171;173
172;173
171;173
171;174
170;174
169;174
168;174
169;174
170;174
171;174
172;174
171;174
171;175
170;175
169;175
168;175
169;175
170;175
171;175
172;175
171;175
171;176
170;176
169;176
168;176
169;176
170;176
171;176
172;176
171;176
171;177
170;177
169;177
168;177
169;177
170;177
171;177
172;177
171;177
171;178
170;178
169;178
168;178
169;178
170;178
171;178
172;178
171;178
171;179
170;179
169;179
168;179
167;179
168;179
169;179
170;179
171;179
170;179
170;180
169;180
168;180
167;180
168;180
169;180
170;180
171;180
170;180
170;181
169;181
168;181
167;181
168;181
169;181
170;181
171;181
170;181
170;182
169;182
168;182
167;182
168;182
169;182
170;182
171;182
170;182
170;183
169;183
168;183
167;183
168;183
169;183
170;183
171;183
170;183
170;184
169;184
168;184
167;184
168;184
169;184
170;184
171;184
170;184
170;185
169;185
168;185
167;185
168;185
169;185
170;185
171;185
170;185
170;186
169;186
168;186
167;186
166;186
167;186
168;186
169;186
170;186
169;186
169;187
168;187
167;187
166;187
167;187
168;187
169;187
170;187
169;187
169;188
168;188
167;188
166;188
167;188
168;188
169;188
170;188
169;188
169;189
168;189
167;189
166;189
167;189
168;189
169;189
170;189
169;189
169;190
168;190
167;190
166;190
167;190
168;190
169;190
170;190
169;190
169;191
168;191
167;191
166;191
167;191
168;191
169;191
170;191
169;191
169;192
168;192
167;192
166;192
165;192
166;192
167;192
168;192
169;192
168;192
168;193
167;193
166;193
165;193
166;193
167;193
168;193
169;193
168;193
168;194
167;194
166;194
165;194
166;194
167;194
168;194
169;194
168;194
168;195
167;195
166;195
165;195
166;195
167;195
168;195
169;195
168;195
168;196
167;196
166;196
165;196
166;196
167;196
168;196
169;196
168;196
168;197
167;197
166;197
165;197
166;197
167;197
168;197
169;197
168;197
168;198
167;198
166;198
165;198
164;198
165;198
166;198
167;198
168;198
167;198
167;199
166;199
165;199
164;199
165;199
166;199
167;199
168;199
167;199
167;200
166;200
165;200
164;200
165;200
166;200
167;200
168;200
167;200
167;201
166;201
165;201
164;201
165;201
166;201
167;201
168;201
167;201
167;202
166;202
165;202
164;202
165;202
166;202
167;202
168;202
167;202
167;203
166;203
165;203
164;203
165;203
166;203
167;203
168;203
167;203
167;204
166;204
165;204
164;204
165;204
166;204
167;204
168;204
167;204
167;205
166;205
165;205
164;205
163;205
164;205
165;205
166;205
167;205
166;205
166;206
165;206
164;206
163;206
164;206
165;206
166;206
167;206
166;206
166;207
165;207
164;207
163;207
164;207
165;207
166;207
167;207
166;207
166;208
165;208
164;208
163;208
164;208
165;208
166;208
167;208
166;208
166;209
165;209
164;209
163;209
164;209
165;209
166;209
167;209
166;209
166;210
165;210
164;210
163;210
164;210
165;210
166;210
167;210
166;210
166;211
165;211
164;211
163;211
164;211
165;211
166;211
167;211
166;211
166;212
165;212
164;212
163;212
162;212
163;212
164;212
165;212
166;212
165;212
165;213
164;213
163;213
162;213
163;213
164;213
165;213
166;213
165;213
165;214
164;214
163;214
162;214
163;214
164;214
165;214
166;214
165;214
165;215
164;215
163;215
162;215
163;215
164;215
165;215
166;215
165;215
165;216
164;216
163;216
162;216
163;216
164;216
165;216
166;216
165;216
165;217
164;217
163;217
162;217
163;217
164;217
165;217
166;217
165;217
165;218
164;218
163;218
162;218
163;218
164;218
165;218
166;218
165;218
165;219
164;219
163;219
162;219
161;219
162;219
163;219
164;219
165;219
164;219
164;220
163;220
162;220
161;220
162;220
163;220
164;220
165;220
164;220
164;221
163;221
162;221
161;221
162;221
163;221
164;221
165;221
164;221
164;222
163;222
162;222
161;222
162;222
163;222
164;222
165;222
164;222
164;223
163;223
162;223
161;223
162;223
163;223
164;223
165;223
164;223
164;224
163;224
162;224
161;224
162;224
163;224
164;224
165;224
164;224
164;225
163;225
162;225
161;225
160;225
161;225
162;225
163;225
164;225
163;225
163;226
162;226
161;226
160;226
161;226
162;226
163;226
164;226
163;226
163;227
162;227
161;227
160;227
161;227
162;227
163;227
164;227
163;227
163;228
162;228
161;228
160;228
161;228
162;228
163;228
164;228
163;228
163;229
162;229
161;229
160;229
161;229
162;229
163;229
164;229
163;229
163;230
162;230
161;230
160;230
161;230
162;230
163;230
164;230
163;230
163;231
162;231
161;231
160;231
161;231
162;231
163;231
164;231
163;231
163;232
162;232
161;232
160;232
161;232
162;232
163;232
162;232
162;233
161;233
160;233
161;233
162;233
163;233
162;233
162;234
161;234
160;234
161;234
162;234
163;234
162;234
162;235
161;235
160;235
161;235
162;235
163;235
162;235
162;236
161;236
160;236
161;236
162;236
163;236
162;236
162;237
161;237
160;237
161;237
162;237
163;237
162;237
162;238
161;238
160;238
159;238
160;238
161;238
162;238
161;238
161;239
160;239
159;239
160;239
161;239
162;239
161;239
161;240
160;240
159;240
160;240
161;240
162;240
161;240
161;241
160;241
159;241
160;241
161;241
162;241
161;241
161;242
160;242
159;242
160;242
161;242
162;242
161;242
161;243
160;243
159;243
160;243
161;243
162;243
161;243
161;244
160;244
159;244
158;244
159;244
160;244
161;244
160;244
160;245
159;245
158;245
159;245
160;245
161;245
160;245
160;246
159;246
158;246
159;246
160;246
161;246
160;246
160;247
159;247
158;247
159;247
160;247
161;247
160;247
160;248
159;248
158;248
159;248
160;248
161;248
160;248
160;249
159;249
158;249
159;249
160;249
161;249
160;249
160;250
159;250
158;250
159;250
160;250
161;250
160;250
160;251
159;251
158;251
157;251
158;251
159;251
160;251
159;251
159;252
158;252
157;252
158;252
159;252
160;252
159;252
159;253
158;253
157;253
158;253
159;253
160;253
159;253
159;254
158;254
157;254
158;254
159;254
160;254
159;254
159;255
158;255
157;255
158;255
159;255
160;255
159;255
159;256
158;256
157;256
156;256
157;256
158;256
159;256
158;256
158;257
157;257
156;257
157;257
158;257
159;257
158;257
158;258
157;258
156;258
157;258
158;258
159;258
158;258
158;259
157;259
156;259
157;259
158;259
159;259
158;259
158;260
157;260
156;260
155;260
156;260
157;260
158;260
159;260
158;260
158;261
157;261
156;261
155;261
156;261
157;261
158;261
159;261
158;261
158;262
157;262
156;262
155;262
156;262
157;262
158;262
159;262
158;262
158;263
157;263
156;263
155;263
154;263
155;263
156;263
157;263
158;263
157;263
157;264
156;264
155;264
154;264
155;264
156;264
157;264
158;264
157;264
157;265
156;265
155;265
154;265
153;265
154;265
155;265
156;265
157;265
156;265
156;266
155;266
154;266
153;266
154;266
155;266
156;266
157;266
156;266
156;267
155;267
154;267
153;267
154;267
155;267
156;267
157;267
156;267
156;268
155;268
154;268
153;268
154;268
155;268
156;268
157;268
156;268
156;269
155;269
154;269
153;269
152;269
153;269
154;269
155;269
156;269
155;269
155;270
154;270
153;270
152;270
153;270
154;270
155;270
156;270
155;270
155;271
154;271
153;271
152;271
153;271
154;271
155;271
156;271
155;271
155;272
154;272
153;272
152;272
151;272
152;272
153;272
154;272
155;272
154;272
154;273
153;273
152;273
151;273
152;273
153;273
154;273
155;273
154;273
154;274
153;274
152;274
153;274
154;274
153;274
153;275
771
20;61
19;61
19;62
20;62
21;62
20;62
20;63
19;63
18;63
19;63
20;63
21;63
22;63
21;63
21;64
20;64
19;64
18;64
19;64
20;64
21;64
22;64
21;64
21;65
20;65
19;65
18;65
19;65
20;65
21;65
22;65
21;65
21;66
20;66
19;66
18;66
19;66
20;66
21;66
22;66
21;66
21;67
20;67
19;67
18;67
19;67
20;67
21;67
22;67
21;67
21;68
20;68
19;68
18;68
19;68
20;68
21;68
22;68
21;68
21;69
20;69
19;69
18;69
19;69
20;69
21;69
22;69
21;69
21;70
20;70
19;70
18;70
17;70
18;70
19;70
20;70
21;70
20;70
20;71
19;71
18;71
17;71
18;71
19;71
20;71
21;71
20;71
20;72
19;72
18;72
17;72
18;72
19;72
20;72
21;72
20;72
20;73
19;73
18;73
17;73
18;73
19;73
20;73
21;73
20;73
20;74
19;74
18;74
17;74
18;74
19;74
20;74
21;74
20;74
20;75
19;75
18;75
17;75
18;75
19;75
20;75
21;75
20;75
20;76
19;76
18;76
17;76
18;76
19;76
20;76
21;76
20;76
20;77
19;77
18;77
17;77
16;77
17;77
18;77
19;77
20;77
19;77
19;78
18;78
17;78
16;78
17;78
18;78
19;78
20;78
19;78
19;79
18;79
17;79
16;79
17;79
18;79
19;79
20;79
19;79
19;80
18;80
17;80
16;80
17;80
18;80
19;80
20;80
19;80
19;81
18;81
17;81
16;81
17;81
18;81
19;81
20;81
19;81
19;82
18;82
17;82
16;82
17;82
18;82
19;82
20;82
19;82
19;83
18;83
17;83
16;83
15;83
16;83
17;83
18;83
19;83
18;83
18;84
17;84
16;84
15;84
16;84
17;84
18;84
19;84
18;84
18;85
17;85
16;85
15;85
16;85
17;85
18;85
19;85
18;85
18;86
17;86
16;86
15;86
16;86
17;86
18;86
19;86
18;86
18;87
17;87
16;87
15;87
16;87
17;87
18;87
19;87
18;87
18;88
17;88
16;88
15;88
16;88
17;88
18;88
19;88
18;88
18;89
17;89
16;89
15;89
16;89
17;89
18;89
19;89
18;89
18;90
17;90
16;90
15;90
14;90
15;90
16;90
17;90
18;90
17;90
17;91
16;91
15;91
14;91
15;91
16;91
17;91
18;91
17;91
17;92
16;92
15;92
14;92
15;92
16;92
17;92
18;92
17;92
17;93
16;93
15;93
14;93
15;93
16;93
17;93
18;93
17;93
17;94
16;94
15;94
14;94
15;94
16;94
17;94
18;94
17;94
17;95
16;95
15;95
14;95
15;95
16;95
17;95
18;95
17;95
17;96
16;96
15;96
14;96
15;96
16;96
17;96
18;96
17;96
17;97
16;97
15;97
14;97
13;97
14;97
15;97
16;97
17;97
16;97
16;98
15;98
14;98
13;98
14;98
15;98
16;98
17;98
16;98
16;99
15;99
14;99
13;99
14;99
15;99
16;99
17;99
16;99
16;100
15;100
14;100
13;100
14;100
15;100
16;100
17;100
16;100
16;101
15;101
14;101
13;101
14;101
15;101
16;101
17;101
16;101
16;102
15;102
14;102
13;102
14;102
15;102
16;102
17;102
16;102
16;103
15;103
14;103
13;103
14;103
15;103
16;103
17;103
16;103
16;104
15;104
14;104
13;104
12;104
13;104
14;104
15;104
16;104
15;104
15;105
14;105
13;105
12;105
13;105
14;105
15;105
16;105
15;105
15;106
14;106
13;106
12;106
13;106
14;106
15;106
16;106
15;106
15;107
14;107
13;107
12;107
13;107
14;107
15;107
16;107
15;107
15;108
14;108
13;108
12;108
13;108
14;108
15;108
16;108
15;108
15;109
14;109
13;109
12;109
11;109
12;109
13;109
14;109
15;109
14;109
14;110
13;110
12;110
11;110
12;110
13;110
14;110
15;110
14;110
14;111
13;111
12;111
11;111
12;111
13;111
14;111
15;111
14;111
14;112
13;112
12;112
11;112
12;112
13;112
14;112
15;112
14;112
14;113
13;113
12;113
11;113
12;113
13;113
14;113
15;113
14;113
14;114
13;114
12;114
11;114
12;114
13;114
14;114
15;114
14;114
14;115
13;115
12;115
11;115
10;115
11;115
12;115
13;115
14;115
13;115
13;116
12;116
11;116
10;116
11;116
12;116
13;116
14;116
13;116
13;117
12;117
11;117
10;117
11;117
12;117
13;117
14;117
13;117
13;118
12;118
11;118
10;118
11;118
12;118
13;118
14;118
13;118
13;119
12;119
11;119
10;119
11;119
12;119
13;119
14;119
13;119
13;120
12;120
11;120
10;120
11;120
12;120
13;120
14;120
13;120
13;121
12;121
11;121
10;121
11;121
12;121
13;121
14;121
13;121
13;122
12;122
11;122
10;122
9;122
10;122
11;122
12;122
13;122
12;122
12;123
11;123
10;123
9;123
10;123
11;123
12;123
13;123
12;123
12;124
11;124
10;124
9;124
10;124
11;124
12;124
13;124
12;124
12;125
11;125
10;125
9;125
10;125
11;125
12;125
13;125
12;125
12;126
11;126
10;126
9;126
10;126
11;126
12;126
13;126
12;126
12;127
11;127
10;127
9;127
10;127
11;127
12;127
13;127
12;127
12;128
11;128
10;128
9;128
10;128
11;128
12;128
13;128
12;128
12;129
11;129
10;129
9;129
8;129
9;129
10;129
11;129
12;129
11;129
11;130
10;130
9;130
8;130
9;130
10;130
11;130
12;130
11;130
11;131
10;131
9;131
8;131
9;131
10;131
11;131
12;131
11;131
11;132
10;132
9;132
8;132
9;132
10;132
11;132
12;132
11;132
11;133
10;133
9;133
8;133
9;133
10;133
11;133
12;133
11;133
11;134
10;134
9;134
8;134
9;134
10;134
11;134
12;134
11;134
11;135
10;135
9;135
8;135
7;135
8;135
9;135
10;135
11;135
10;135
10;136
9;136
8;136
7;136
8;136
9;136
10;136
11;136
10;136
10;137
9;137
8;137
7;137
8;137
9;137
10;137
11;137
10;137
10;138
9;138
8;138
7;138
8;138
9;138
10;138
11;138
10;138
10;139
9;139
8;139
7;139
8;139
9;139
10;139
11;139
10;139
10;140
9;140
8;140
7;140
8;140
9;140
10;140
11;140
10;140
10;141
9;141
8;141
7;141
8;141
9;141
10;141
11;141
10;141
10;142
9;142
8;142
7;142
6;142
7;142
8;142
9;142
10;142
9;142
9;143
8;143
7;143
6;143
7;143
8;143
9;143
10;143
9;143
9;144
8;144
7;144
6;144
7;144
8;144
9;144
10;144
9;144
9;145
8;145
7;145
6;145
7;145
8;145
9;145
10;145
9;145
9;146
8;146
7;146
8;146
9;146
8;146
8;147
1791
305;234
304;234
304;235
305;235
306;235
305;235
305;236
304;236
303;236
304;236
305;236
306;236
307;236
306;236
306;237
305;237
304;237
303;237
304;237
305;237
306;237
307;237
306;237
306;238
305;238
304;238
303;238
304;238
305;238
306;238
307;238
306;238
306;239
305;239
304;239
303;239
304;239
305;239
306;239
307;239
306;239
306;240
305;240
304;240
303;240
304;240
305;240
306;240
307;240
306;240
306;241
305;241
304;241
303;241
304;241
305;241
306;241
307;241
306;241
306;242
305;242
304;242
303;242
304;242
305;242
306;242
307;242
306;242
306;243
305;243
304;243
303;243
302;243
303;243
304;243
305;243
306;243
305;243
305;244
304;244
303;244
302;244
303;244
304;244
305;244
306;244
305;244
305;245
304;245
303;245
302;245
303;245
304;245
305;245
306;245
305;245
305;246
304;246
303;246
302;246
303;246
304;246
305;246
306;246
305;246
305;247
304;247
303;247
302;247
303;247
304;247
305;247
306;247
305;247
305;248
304;248
303;248
302;248
301;248
302;248
303;248
304;248
305;248
304;248
304;249
303;249
302;249
301;249
302;249
303;249
304;249
305;249
304;249
304;250
303;250
302;250
301;250
302;250
303;250
304;250
305;250
304;250
304;251
303;251
302;251
301;251
302;251
303;251
304;251
305;251
304;251
304;252
303;252
302;252
301;252
302;252
303;252
304;252
305;252
304;252
304;253
303;253
302;253
301;253
300;253
301;253
302;253
303;253
304;253
303;253
303;254
302;254
301;254
300;254
301;254
302;254
303;254
304;254
303;254
303;255
302;255
301;255
300;255
301;255
302;255
303;255
304;255
303;255
303;256
302;256
301;256
300;256
301;256
302;256
303;256
304;256
303;256
303;257
302;257
301;257
300;257
301;257
302;257
303;257
304;257
303;257
303;258
302;258
301;258
300;258
299;258
300;258
301;258
302;258
303;258
302;258
302;259
301;259
300;259
299;259
300;259
301;259
302;259
303;259
302;259
302;260
301;260
300;260
299;260
300;260
301;260
302;260
303;260
302;260
302;261
301;261
300;261
299;261
300;261
301;261
302;261
303;261
302;261
302;262
301;262
300;262
299;262
298;262
299;262
300;262
301;262
302;262
303;262
302;262
302;263
301;263
300;263
299;263
298;263
299;263
300;263
301;263
302;263
301;263
301;264
300;264
299;264
298;264
299;264
300;264
301;264
302;264
301;264
301;265
300;265
299;265
298;265
299;265
300;265
301;265
302;265
301;265
301;266
300;266
299;266
298;266
299;266
300;266
301;266
302;266
301;266
301;267
300;267
299;267
298;267
299;267
300;267
301;267
300;267
300;268
299;268
298;268
299;268
300;268
301;268
300;268
300;269
299;269
298;269
299;269
300;269
301;269
300;269
300;270
299;270
298;270
299;270
300;270
301;270
300;270
300;271
299;271
298;271
299;271
300;271
301;271
300;271
300;272
299;272
298;272
297;272
298;272
299;272
300;272
299;272
299;273
298;273
297;273
298;273
299;273
300;273
299;273
299;274
298;274
297;274
298;274
299;274
300;274
299;274
299;275
298;275
297;275
298;275
299;275
300;275
299;275
299;276
298;276
297;276
298;276
299;276
300;276
299;276
299;277
298;277
297;277
298;277
299;277
300;277
299;277
299;278
298;278
297;278
296;278
297;278
298;278
299;278
298;278
298;279
297;279
296;279
297;279
298;279
299;279
298;279
298;280
297;280
296;280
297;280
298;280
299;280
298;280
298;281
297;281
296;281
297;281
298;281
299;281
298;281
298;282
297;282
296;282
297;282
298;282
299;282
298;282
298;283
297;283
296;283
295;283
296;283
297;283
298;283
297;283
297;284
296;284
295;284
296;284
297;284
298;284
297;284
297;285
296;285
295;285
296;285
297;285
298;285
297;285
297;286
296;286
295;286
296;286
297;286
298;286
297;286
297;287
296;287
295;287
294;287
295;287
296;287
297;287
296;287
296;288
295;288
294;288
295;288
296;288
297;288
296;288
296;289
295;289
294;289
295;289
296;289
297;289
296;289
296;290
295;290
294;290
295;290
296;290
297;290
296;290
296;291
295;291
294;291
295;291
296;291
297;291
296;291
296;292
295;292
294;292
293;292
294;292
295;292
296;292
297;292
296;292
296;293
295;293
294;293
293;293
294;293
295;293
296;293
297;293
296;293
296;294
295;294
294;294
293;294
294;294
295;294
296;294
297;294
296;294
296;295
295;295
294;295
293;295
294;295
295;295
296;295
297;295
296;295
296;296
295;296
294;296
293;296
294;296
295;296
296;296
297;296
296;296
296;297
295;297
294;297
293;297
292;297
293;297
294;297
295;297
296;297
295;297
295;298
294;298
293;298
292;298
293;298
294;298
295;298
296;298
295;298
295;299
294;299
293;299
292;299
293;299
294;299
295;299
296;299
295;299
295;300
294;300
293;300
292;300
293;300
294;300
295;300
296;300
295;300
295;301
294;301
293;301
292;301
293;301
294;301
295;301
296;301
295;301
295;302
294;302
293;302
292;302
291;302
292;302
293;302
294;302
295;302
294;302
294;303
293;303
292;303
291;303
292;303
293;303
294;303
295;303
294;303
294;304
293;304
292;304
291;304
292;304
293;304
294;304
295;304
294;304
294;305
293;305
292;305
291;305
292;305
293;305
294;305
295;305
294;305
294;306
293;306
292;306
291;306
290;306
291;306
292;306
293;306
294;306
295;306
294;306
294;307
293;307
292;307
291;307
290;307
291;307
292;307
293;307
294;307
293;307
293;308
292;308
291;308
290;308
291;308
292;308
293;308
294;308
293;308
293;309
292;309
291;309
290;309
291;309
292;309
293;309
294;309
293;309
293;310
292;310
291;310
290;310
291;310
292;310
293;310
294;310
293;310
293;311
292;311
291;311
290;311
289;311
290;311
291;311
292;311
293;311
292;311
292;312
291;312
290;312
289;312
290;312
291;312
292;312
293;312
292;312
292;313
291;313
290;313
289;313
290;313
291;313
292;313
293;313
292;313
292;314
291;314
290;314
289;314
290;314
291;314
292;314
293;314
292;314
292;315
291;315
290;315
289;315
290;315
291;315
292;315
293;315
292;315
292;316
291;316
290;316
289;316
288;316
289;316
290;316
291;316
292;316
291;316
291;317
290;317
289;317
288;317
289;317
290;317
291;317
292;317
291;317
291;318
290;318
289;318
288;318
289;318
290;318
291;318
292;318
291;318
291;319
290;319
289;319
288;319
289;319
290;319
291;319
292;319
291;319
291;320
290;320
289;320
288;320
289;320
290;320
291;320
292;320
291;320
291;321
290;321
289;321
288;321
287;321
288;321
289;321
290;321
291;321
290;321
290;322
289;322
288;322
287;322
288;322
289;322
290;322
291;322
290;322
290;323
289;323
288;323
287;323
288;323
289;323
290;323
291;323
290;323
290;324
289;324
288;324
287;324
288;324
289;324
290;324
291;324
290;324
290;325
289;325
288;325
287;325
288;325
289;325
290;325
291;325
290;325
290;326
289;326
288;326
287;326
286;326
287;326
288;326
289;326
290;326
289;326
289;327
288;327
287;327
286;327
287;327
288;327
289;327
290;327
289;327
289;328
288;328
287;328
286;328
287;328
288;328
289;328
290;328
289;328
289;329
288;329
287;329
286;329
287;329
288;329
289;329
290;329
289;329
289;330
288;330
287;330
286;330
285;330
286;330
287;330
288;330
289;330
288;330
288;331
287;331
286;331
285;331
286;331
287;331
288;331
289;331
288;331
288;332
287;332
286;332
285;332
286;332
287;332
288;332
289;332
288;332
288;333
287;333
286;333
285;333
286;333
287;333
288;333
289;333
288;333
288;334
287;334
286;334
285;334
286;334
287;334
288;334
289;334
288;334
288;335
287;335
286;335
285;335
284;335
285;335
286;335
287;335
288;335
287;335
287;336
286;336
285;336
284;336
285;336
286;336
287;336
288;336
287;336
287;337
286;337
285;337
284;337
285;337
286;337
287;337
288;337
287;337
287;338
286;338
285;338
284;338
285;338
286;338
287;338
288;338
287;338
287;339
286;339
285;339
284;339
285;339
286;339
287;339
288;339
287;339
287;340
286;340
285;340
284;340
285;340
286;340
287;340
288;340
287;340
287;341
286;341
285;341
284;341
283;341
284;341
285;341
286;341
287;341
286;341
286;342
285;342
284;342
283;342
284;342
285;342
286;342
287;342
286;342
286;343
285;343
284;343
283;343
284;343
285;343
286;343
287;343
286;343
286;344
285;344
284;344
283;344
284;344
285;344
286;344
287;344
286;344
286;345
285;345
284;345
283;345
284;345
285;345
286;345
287;345
286;345
286;346
285;346
284;346
283;346
282;346
283;346
284;346
285;346
286;346
285;346
285;347
284;347
283;347
282;347
283;347
284;347
285;347
286;347
285;347
285;348
284;348
283;348
282;348
283;348
284;348
285;348
286;348
285;348
285;349
284;349
283;349
282;349
283;349
284;349
285;349
286;349
285;349
285;350
284;350
283;350
282;350
281;350
282;350
283;350
284;350
285;350
286;350
285;350
285;351
284;351
283;351
282;351
281;351
282;351
283;351
284;351
285;351
284;351
284;352
283;352
282;352
281;352
282;352
283;352
284;352
285;352
284;352
284;353
283;353
282;353
281;353
282;353
283;353
284;353
285;353
284;353
284;354
283;354
282;354
281;354
282;354
283;354
284;354
285;354
284;354
284;355
283;355
282;355
281;355
280;355
281;355
282;355
283;355
284;355
283;355
283;356
282;356
281;356
280;356
281;356
282;356
283;356
284;356
283;356
283;357
282;357
281;357
280;357
281;357
282;357
283;357
284;357
283;357
283;358
282;358
281;358
280;358
281;358
282;358
283;358
284;358
283;358
283;359
282;359
281;359
280;359
281;359
282;359
283;359
284;359
283;359
283;360
282;360
281;360
280;360
279;360
280;360
281;360
282;360
283;360
282;360
282;361
281;361
280;361
279;361
280;361
281;361
282;361
283;361
282;361
282;362
281;362
280;362
279;362
280;362
281;362
282;362
283;362
282;362
282;363
281;363
280;363
279;363
280;363
281;363
282;363
283;363
282;363
282;364
281;364
280;364
279;364
280;364
281;364
282;364
283;364
282;364
282;365
281;365
280;365
279;365
278;365
279;365
280;365
281;365
282;365
281;365
281;366
280;366
279;366
278;366
279;366
280;366
281;366
282;366
281;366
281;367
280;367
279;367
278;367
279;367
280;367
281;367
282;367
281;367
281;368
280;368
279;368
278;368
279;368
280;368
281;368
282;368
281;368
281;369
280;369
279;369
278;369
279;369
280;369
281;369
282;369
281;369
281;370
280;370
279;370
278;370
277;370
278;370
279;370
280;370
281;370
280;370
280;371
279;371
278;371
277;371
278;371
279;371
280;371
281;371
280;371
280;372
279;372
278;372
277;372
278;372
279;372
280;372
281;372
280;372
280;373
279;373
278;373
277;373
276;373
277;373
278;373
279;373
280;373
279;373
279;374
278;374
277;374
276;374
277;374
278;374
279;374
280;374
279;374
279;375
278;375
277;375
276;375
277;375
278;375
279;375
280;375
279;375
279;376
278;376
277;376
276;376
275;376
276;376
277;376
278;376
279;376
278;376
278;377
277;377
276;377
275;377
276;377
277;377
278;377
279;377
278;377
278;378
277;378
276;378
275;378
274;378
275;378
276;378
277;378
278;378
279;378
278;378
278;379
277;379
276;379
275;379
274;379
275;379
276;379
277;379
278;379
277;379
277;380
276;380
275;380
274;380
273;380
274;380
275;380
276;380
277;380
276;380
276;381
275;381
274;381
273;381
274;381
275;381
276;381
277;381
276;381
276;382
275;382
274;382
273;382
274;382
275;382
276;382
277;382
276;382
276;383
275;383
274;383
273;383
272;383
273;383
274;383
275;383
276;383
275;383
275;384
274;384
273;384
272;384
273;384
274;384
275;384
276;384
275;384
275;385
274;385
273;385
272;385
273;385
274;385
275;385
276;385
275;385
275;386
274;386
273;386
272;386
271;386
272;386
273;386
274;386
275;386
274;386
274;387
273;387
272;387
271;387
272;387
273;387
274;387
275;387
274;387
274;388
273;388
272;388
271;388
272;388
273;388
274;388
275;388
274;388
274;389
273;389
272;389
271;389
270;389
271;389
272;389
273;389
274;389
273;389
273;390
272;390
271;390
270;390
271;390
272;390
273;390
274;390
273;390
273;391
272;391
271;391
270;391
269;391
270;391
271;391
272;391
273;391
274;391
273;391
273;392
272;392
271;392
270;392
269;392
270;392
271;392
272;392
273;392
272;392
272;393
271;393
270;393
269;393
270;393
271;393
272;393
273;393
272;393
272;394
271;394
270;394
269;394
268;394
269;394
270;394
271;394
272;394
271;394
271;395
270;395
269;395
268;395
269;395
270;395
271;395
272;395
271;395
271;396
270;396
269;396
268;396
269;396
270;396
271;396
272;396
271;396
271;397
270;397
269;397
268;397
267;397
268;397
269;397
270;397
271;397
270;397
270;398
269;398
268;398
267;398
268;398
269;398
270;398
271;398
270;398
270;399
269;399
268;399
267;399
266;399
267;399
268;399
269;399
270;399
269;399
269;400
268;400
267;400
266;400
267;400
268;400
269;400
270;400
269;400
269;401
268;401
267;401
266;401
267;401
268;401
269;401
270;401
269;401
269;402
268;402
267;402
266;402
265;402
266;402
267;402
268;402
269;402
268;402
268;403
267;403
266;403
265;403
266;403
267;403
268;403
269;403
268;403
268;404
267;404
266;404
265;404
264;404
265;404
266;404
267;404
268;404
269;404
268;404
268;405
267;405
266;405
265;405
264;405
265;405
266;405
267;405
268;405
267;405
267;406
266;406
265;406
264;406
265;406
266;406
267;406
268;406
267;406
267;407
266;407
265;407
264;407
263;407
264;407
265;407
266;407
267;407
266;407
266;408
265;408
264;408
263;408
264;408
265;408
266;408
267;408
266;408
266;409
265;409
264;409
263;409
264;409
265;409
266;409
267;409
266;409
266;410
265;410
264;410
263;410
262;410
263;410
264;410
265;410
266;410
265;410
265;411
264;411
263;411
262;411
263;411
264;411
265;411
266;411
265;411
265;412
264;412
263;412
262;412
263;412
264;412
265;412
266;412
265;412
265;413
264;413
263;413
262;413
261;413
262;413
263;413
264;413
265;413
264;413
264;414
263;414
262;414
261;414
262;414
263;414
264;414
265;414
264;414
264;415
263;415
262;415
261;415
260;415
261;415
262;415
263;415
264;415
263;415
263;416
262;416
261;416
260;416
259;416
260;416
261;416
262;416
263;416
264;416
263;416
263;417
262;417
261;417
260;417
259;417
260;417
261;417
262;417
263;417
262;417
262;418
261;418
260;418
259;418
260;418
261;418
262;418
263;418
262;418
262;419
261;419
260;419
259;419
258;419
259;419
260;419
261;419
262;419
261;419
261;420
260;420
259;420
258;420
259;420
260;420
261;420
262;420
261;420
261;421
260;421
259;421
258;421
259;421
260;421
261;421
262;421
261;421
261;422
260;422
259;422
258;422
257;422
258;422
259;422
260;422
261;422
260;422
260;423
259;423
258;423
257;423
258;423
259;423
260;423
261;423
260;423
260;424
259;424
258;424
257;424
258;424
259;424
260;424
261;424
260;424
260;425
259;425
258;425
257;425
256;425
257;425
258;425
259;425
260;425
259;425
259;426
258;426
257;426
256;426
255;426
256;426
257;426
258;426
259;426
260;426
259;426
259;427
258;427
257;427
256;427
255;427
256;427
257;427
258;427
259;427
258;427
258;428
257;428
256;428
255;428
254;428
255;428
256;428
257;428
258;428
257;428
257;429
256;429
255;429
254;429
255;429
256;429
257;429
258;429
257;429
257;430
256;430
255;430
254;430
255;430
256;430
257;430
258;430
257;430
257;431
256;431
255;431
254;431
255;431
256;431
257;431
258;431
257;431
257;432
256;432
255;432
256;432
257;432
256;432
256;433
422
42;408
41;408
41;409
42;409
43;409
42;409
42;410
41;410
40;410
41;410
42;410
43;410
44;410
43;410
43;411
42;411
41;411
42;411
43;411
44;411
45;411
44;411
44;412
43;412
42;412
43;412
44;412
45;412
46;412
45;412
45;413
44;413
43;413
42;413
43;413
44;413
45;413
46;413
47;413
46;413
46;414
45;414
44;414
43;414
44;414
45;414
46;414
47;414
46;414
46;415
45;415
44;415
45;415
46;415
47;415
48;415
49;415
48;415
48;416
47;416
46;416
45;416
46;416
47;416
48;416
49;416
50;416
49;416
49;417
48;417
47;417
46;417
47;417
48;417
49;417
50;417
49;417
49;418
48;418
47;418
48;418
49;418
50;418
51;418
50;418
50;419
49;419
48;419
49;419
50;419
51;419
52;419
51;419
51;420
50;420
49;420
50;420
51;420
52;420
53;420
52;420
52;421
51;421
50;421
49;421
50;421
51;421
52;421
53;421
54;421
53;421
53;422
52;422
51;422
50;422
51;422
52;422
53;422
54;422
55;422
54;422
54;423
53;423
52;423
51;423
52;423
53;423
54;423
55;423
54;423
54;424
53;424
52;424
53;424
54;424
55;424
56;424
55;424
55;425
54;425
53;425
54;425
55;425
56;425
57;425
56;425
56;426
55;426
54;426
55;426
56;426
57;426
58;426
57;426
57;427
56;427
55;427
54;427
55;427
56;427
57;427
58;427
59;427
58;427
58;428
57;428
56;428
55;428
56;428
57;428
58;428
59;428
60;428
59;428
59;429
58;429
57;429
56;429
57;429
58;429
59;429
60;429
59;429
59;430
58;430
57;430
58;430
59;430
60;430
61;430
60;430
60;431
59;431
58;431
59;431
60;431
61;431
62;431
61;431
61;432
60;432
59;432
60;432
61;432
62;432
63;432
62;432
62;433
61;433
60;433
59;433
60;433
61;433
62;433
63;433
64;433
63;433
63;434
62;434
61;434
60;434
61;434
62;434
63;434
64;434
65;434
64;434
64;435
63;435
62;435
61;435
62;435
63;435
64;435
65;435
64;435
64;436
63;436
62;436
63;436
64;436
65;436
66;436
65;436
65;437
64;437
63;437
64;437
65;437
66;437
67;437
66;437
66;438
65;438
64;438
65;438
66;438
67;438
68;438
67;438
67;439
66;439
65;439
64;439
65;439
66;439
67;439
68;439
67;439
67;440
66;440
65;440
66;440
67;440
68;440
69;440
68;440
68;441
67;441
66;441
67;441
68;441
69;441
68;441
68;442
67;442
68;442
69;442
70;442
69;442
69;443
68;443
69;443
70;443
71;443
70;443
70;444
69;444
70;444
71;444
72;444
71;444
71;445
70;445
69;445
70;445
71;445
72;445
73;445
72;445
72;446
71;446
70;446
69;446
70;446
71;446
72;446
73;446
74;446
73;446
73;447
72;447
71;447
70;447
71;447
72;447
73;447
74;447
73;447
73;448
72;448
71;448
72;448
73;448
74;448
75;448
74;448
74;449
73;449
72;449
73;449
74;449
75;449
76;449
75;449
75;450
74;450
73;450
74;450
75;450
76;450
77;450
76;450
76;451
75;451
74;451
73;451
74;451
75;451
76;451
77;451
78;451
77;451
77;452
76;452
75;452
74;452
75;452
76;452
77;452
78;452
79;452
78;452
78;453
77;453
76;453
75;453
76;453
77;453
78;453
79;453
78;453
78;454
77;454
76;454
77;454
78;454
79;454
80;454
79;454
79;455
78;455
77;455
78;455
79;455
80;455
81;455
80;455
80;456
79;456
78;456
77;456
78;456
79;456
80;456
81;456
82;456
81;456
81;457
80;457
79;457
78;457
79;457
80;457
81;457
82;457
81;457
81;458
80;458
79;458
80;458
81;458